3315
5679
7510
8443
7671
1815
3527
3159
2954
8852
5535
6684
4138
1035
3894
7736
1934
3873
2594
1098
2704
7445
7066
1981
5036
6724
669
2937
7387
2509
8880
1363
5905
3858
9341
4257
79
3791
7206
1774
2299
6055
5317
5180
762
5852
203
9310
6410
1087
3398
9233
690
727
9152
5625
1407
3641
4439
3094
2475
5272
3023
9636
4484
6943
2165
8918
1944
1955
8600
8721
2545
2816
8075
6130
7027
4546
6688
384
847
4197
4935
3347
9144
1671
1500
1747
3884
3063
8327
7134
1246
9699
7523
6013
316
7039
7146
9853
2531
9948
5240
2159
5388
6749
1302
2084
4084
2009
6863
6130
7703
2209
3712
6970
7419
3071
6419
7513
3496
3409
5759
9329
1132
4206
8216
3038
8942
7218
1287
165
414
724
8337
6644
2762
6313
688
6875
9671
167
8185
4627
6152
1342
9010
4941
4656
6488
9500
1724
1769
346
4551
6962
6566
5553
334
9610
452
4983
1308
2200
8351
5428
9306
4129
507
3016
5322
1563
4281
6740
1892
8394
2124
4845
8161
6428
9058
5650
7851
6654
9921
2359
2226
642
269
1190
7643
9654
3107
9404
7324
5558
4604
6569
4880
6714
6200
5880
528
1106
412
9429
1184
5711
6023
5947
545
6323
6696
3355
7610
2607
3946
2817
6892
4291
5940
5589
8052
6
9161
7274
4353
369
8133
2487
1466
1788
3405
1936
2698
8368
5507
4741
2503
552
1962
9432
7389
8025
6530
9069
212
3522
2834
7479
3278
2407
6871
4100
3609
7059
7697
4302
6648
436
5644
848
2923
5629
4828
9187
3625
5709
2449
8620
1245
7268
8175
1556
2009
7697
9916
543
410
8494
7172
733
5146
904
161
6665
1226
5623
620
4493
5882
3288
3244
2456
4233
2074
8151
319
5260
982
1402
2030
6407
5396
756
4537
2144
6218
4510
8766
8999
7600
7764
3448
4398
6362
2104
8874
2257
8814
4782
7776
9058
1533
2210
8624
6048
9950
29
6423
3908
6603
9100
8568
217
4732
4740
3401
5134
9798
3919
1510
6568
7658
7950
1326
683
600
9465
2213
8320
7676
5699
707
4613
2349
187
2156
1796
6020
3602
1742
7437
3855
6851
4851
6317
6485
9225
3080
234
7384
1876
1026
7818
800
6575
4115
5161
4686
3880
778
7904
1674
5439
6526
8041
7986
2585
8162
6148
2431
9555
7032
1957
2826
3656
4212
1791
5535
1141
3828
6452
2723
5088
1933
6170
6569
5848
8430
5963
1133
5856
6513
5204
5227
4152
8085
1660
1531
321
8442
6251
469
148
8143
4676
8156
3368
3411
505
9612
6353
6324
7426
5415
8060
5518
9324
1216
1718
8083
2226
4398
9475
56
1168
7454
462
7481
805
962
7084
3987
9959
9517
9927
9315
7011
3732
9866
6579
9041
4713
6941
9079
3880
6938
8326
8530
1842
3979
2445
4943
2910
8169
7451
982
2952
5851
1949
6659
7936
6597
1505
7222
8738
5255
8827
9573
3258
5706
7649
4166
775
4066
8175
1218
7166
2704
7201
5847
5123
9834
3325
8026
8952
9843
3629
1226
1055
8578
7527
446
5986
2570
9419
1019
7031
6616
2186
8690
5028
4801
3510
7614
136
3110
7410
4363
2339
3608
9856
7758
3479
5657
300
6699
2008
3552
427
5860
3353
4729
2071
175
2300
6027
8215
6237
7363
8735
726
8740
8979
3811
80
5164
8419
4050
8110
4785
7681
4292
6235
3019
9757
3974
9110
3535
8270
8323
4027
5932
9446
5283
2676
7937
2641
5598
8689
4925
1496
3784
1020
8647
9762
4922
8211
9918
2104
1191
5589
7429
7266
3428
4259
6623
9763
6821
1061
7596
6433
1163
1921
5806
5597
3589
2749
3727
9765
6733
9548
8371
1992
6638
4448
5384
9004
4485
3495
393
4956
5753
62
124
5356
8923
3921
8798
3215
201
5814
5823
904
7605
7233
8273
5564
6717
2807
3566
577
2485
3244
4632
4507
9769
2226
7973
1759
3328
2333
4287
6124
5850
3864
791
6878
9803
6172
1879
1542
9456
34
4208
8746
8653
2499
8053
3375
4335
8103
9535
5343
9044
2980
1153
5013
4532
3580
5381
7254
2402
8073
5275
1659
3357
3964
1911
412
3876
3936
7450
3238
202
2251
396
7386
9017
5315
3540
9714
6915
7566
6857
6817
8123
3318
3469
9074
1120
2542
1665
1027
5424
5841
7607
8406
5382
257
3779
4808
5714
2144
8935
2773
7845
6170
7942
1031
5283
7385
125
7824
7730
3251
544
882
5244
1957
7705
9355
9960
5188
9022
7090
5337
677
651
1968
8238
534
5000
5123
796
6020
7799
4726
6288
8692
5911
6077
5123
6912
7482
8539
8699
3304
2384
9934
9939
6597
2245
5062
9547
7638
8579
1211
1662
747
6130
6498
4901
2762
2044
5827
8693
7285
8960
1468
1311
4798
6115
3202
5029
9049
1607
2053
473
9905
7932
8698
2490
4568
4991
7590
4154
6569
8722
8950
1138
4949
7974
9329
3403
6133
6056
2721
3262
3972
5888
7445
6013
1498
5406
5502
4659
3422
3930
4390
4124
9907
3867
7403
5664
1552
2181
4757
7192
5212
5540
7712
976
8956
7833
6037
5895
4239
339
1449
2151
3223
5299
2478
1531
6044
9557
2996
8230
8902
9461
7573
2935
316
2289
3675
9171
697
9868
1146
6077
4756
6614
6143
130
7846
6562
720
2636
1633
9853
6370
3951
3436
1203
2799
3214
3230
4539
2140
1214
8925
9231
5816
2832
9701
388
6141
2860
5989
6973
7055
5486
1901
2692
3050
9036
7871
3870
43
1088
5325
411
6684
5311
2915
760
4855
8777
1123
7052
3879
3136
8156
5256
1118
7921
1523
4756
3841
633
118
3276
1748
807
9805
1099
97
1673
5123
5913
1568
7577
3260
2380
9192
6901
6068
7121
5137
6678
6287
4226
7479
8846
8201
5708
6861
8392
4453
1952
130
2787
1366
7522
3160
4071
3158
792
2768
1366
1245
4441
4088
1582
6313
6917
438
1841
971
2638
4211
1290
2403
3312
659
6975
4191
5918
7931
5126
8396
3965
2995
6194
709
6638
5497
8632
2982
6318
134
3848
7172
3328
8184
2182
5856
1295
9121
2037
153
6892
1335
776
5472
6758
2807
1432
1836
9224
7853
2266
1273
324
537
8682
6768
1212
1981
6934
4211
9027
7280
7064
5653
1758
2750
2832
2799
1690
662
9008
4252
9771
7281
8717
7441
245
7332
630
6895
3994
7786
3705
1385
7340
8229
2811
1625
1122
1655
4931
9432
9515
3834
8977
7430
8540
2345
5378
3160
1895
3950
1198
2627
6695
5073
7397
5186
4545
3737
7021
6601
502
8656
1583
3543
3901
5068
2859
2575
3801
2467
7322
6355
6990
5775
6057
7920
1897
826
70
9955
3496
2692
9111
9391
1243
7682
1649
1420
7748
3807
3317
5912
1772
7022
8333
5278
4385
1861
1738
8318
7807
7597
8780
2990
703
7218
5597
9568
2303
2947
1411
4802
8834
8453
6622
8610
9979
4505
975
4611
9759
5375
9413
9471
6899
6758
6650
5799
370
1383
1455
3047
3659
7024
9556
1409
5338
3807
3726
2682
5926
2993
7111
5232
9090
3112
1398
427
6484
3266
3144
9059
3796
7767
2071
3205
2424
8245
3878
9488
7152
5608
2338
6585
809
9379
513
5304
6173
9114
1314
5313
6230
2288
6138
4907
1861
8302
6107
8909
3447
10
5660
8488
8801
6216
8420
6739
7891
3792
5707
6774
6487
444
954
6142
4123
8027
7150
6619
8542
6130
6342
3949
8045
8187
582
4677
9384
961
4932
2919
6916
9162
1684
8958
514
593
4776
7655
5468
5835
8353
8378
7874
3834
1538
9348
6970
3950
324
2682
5491
42
632
1547
278
2454
3258
3758
6836
3579
4726
6203
6540
5405
4046
1194
5609
4355
404
7356
3664
1139
6318
3321
1262
5846
9369
5534
2569
6293
414
3656
5640
4302
8087
165
5049
7641
7469
7164
5533
7045
9377
7914
8872
362
3610
8583
6190
5938
6272
4417
7008
2804
284
742
9165
5120
6649
551
9987
82
2437
1409
7724
2713
5467
5960
1446
1275
8997
5413
2894
5234
1952
3616
9240
8478
4537
6996
5204
3501
6806
6057
3652
3573
4655
939
2387
3758
2661
2663
7101
9647
619
8405
6606
4951
2286
6566
1686
9049
3091
8035
9524
2135
7116
5876
5364
7270
3289
2364
6753
3244
7632
9047
5856
5216
3855
4307
4432
440
7975
1830
2446
1203
9834
7053
3999
8175
6831
4066
3984
9028
7959
6382
2889
6293
7286
1737
385
2625
4773
7227
1314
9770
1789
1149
4617
3495
5451
3580
6428
9571
9549
9439
3250
9812
1992
1642
831
8900
9832
1154
1148
2088
2209
2384
4370
3485
2938
8524
7729
29
4771
9315
9239
3743
1525
4626
3922
5719
6725
5100
973
5083
9064
1945
4765
616
4725
1228
8553
1185
795
7710
2040
5124
5316
6534
5597
8492
6457
360
9746
9893
1209
4129
1731
70
9041
3103
8125
6777
6577
4430
7040
4743
6712
9860
7754
7972
3490
4572
4263
8478
5801
5786
7609
2695
348
9725
935
4419
2135
1861
1815
5051
9726
8477
9703
4478
1772
6366
6565
1528
1310
2869
7016
7733
5757
364
7804
9569
3134
7481
9775
8121
7074
7045
5735
7177
2619
6810
3102
2507
3026
566
3931
7397
109
728
5628
1970
4118
748
538
1972
242
4651
1331
9838
7750
4944
3552
4366
2979
3511
7421
8423
436
9941
5517
4247
5206
39
6784
4981
6796
4533
600
7814
4557
8103
4925
7761
8737
7481
6083
1867
1882
5217
5493
7142
7171
5103
7839
2950
6979
6773
9417
2705
1854
7182
5660
1653
55
4218
7240
8824
9697
1068
6293
2018
3443
2753
4939
7899
9948
8213
9199
2398
1796
7948
4745
6187
9644
6696
9645
5397
3759
9956
7204
8085
224
999
2289
5045
8683
1542
3025
8862
4632
6582
9865
5567
951
9679
7377
1749
526
7090
6847
2709
868
6176
5395
7113
7495
7031
2532
313
439
347
1285
7175
6774
71
9452
1650
8197
4187
3260
8987
211
8120
6930
8073
478
9910
8983
2216
8270
121
2879
6904
3897
7536
6577
1785
154
1108
1618
6947
9290
4218
8537
5736
2793
7905
7560
8884
4698
7376
3441
4056
1156
2228
6362
503
3797
605
1774
1194
5936
8312
7473
9012
7054
1842
8973
5363
5394
7659
7678
5299
6207
8545
4700
2971
857
120
1421
8663
218
1376
315
1534
3456
5115
8155
5985
2824
8268
4998
4795
1429
2773
724
6596
6952
7631
5052
4144
6716
7424
1111
8013
763
900
673
455
17
6721
2646
8005
1098
1829
6194
9531
8761
6778
8797
6362
5270
5746
2576
173
7103
300
6974
6220
167
2058
3763
1109
714
5936
6611
9475
8125
7179
5871
8030
9609
7237
7514
9565
2166
3382
6687
788
3271
9191
2019
1880
7266
8795
8661
3794
1267
9514
1345
9527
9028
6330
7581
895
2795
3664
790
7764
8506
5381
8065
8325
8298
7392
7479
4773
6059
9661
9740
2246
8897
9332
180
5972
9109
6846
4825
3592
2114
5369
3010
5802
887
4548
2914
4770
1312
7218
4075
1076
3631
2680
323
9320
5925
7773
1273
9520
5359
5197
6526
3129
6791
4685
1952
4432
3408
7710
5125
598
3544
7621
9135
4238
9784
6371
8375
6869
8926
5300
4093
2856
833
5499
715
8567
9732
7588
3512
8637
7944
6460
8589
9317
4821
9983
6506
3378
9168
9645
8994
1428
9447
4296
5662
4270
9118
4522
7113
5160
3378
1400
9517
6660
7179
5888
3556
662
8516
6952
416
6959
4522
6673
407
8920
2886
5290
9800
5634
1571
8967
5400
4687
1174
3465
868
7104
4119
8098
8596
3374
2813
8274
1092
2249
3746
4407
4023
5157
9305
1258
4963
8353
7336
9685
5210
1750
6282
4404
1986
1125
5289
7090
1838
4780
1702
4770
39
8995
352
3868
8174
9807
3979
5294
4079
159
4818
4280
632
7334
1523
2918
7161
4890
9701
9778
2493
7328
6775
1224
1565
5741
3639
5978
4363
7280
9630
5825
7071
1619
3096
299
6030
5067
4869
1299
6828
2373
1492
1886
2031
5090
6285
2679
6836
2379
515
2706
4465
4947
6476
9967
3655
80
7253
2690
9101
6887
3140
7806
3862
1832
3322
6745
6240
1820
2925
3371
5524
8934
1280
7207
3346
7811
3247
502
5961
1939
6093
2229
6957
4392
9231
147
9893
2094
9724
6154
485
6184
9107
336
5225
8725
5493
3659
7059
5389
170
2523
1029
7308
6358
2456
2028
5689
4538
1200
7956
1023
2296
3649
7087
9830
692
997
2121
8937
4840
3507
9517
124
480
4365
9184
8594
7104
278
508
7100
5647
2092
1892
9933
8408
4959
7666
3467
3155
7628
9604
4824
1542
2933
6588
6062
8810
6142
4490
6694
1217
8741
5300
5743
1520
3730
9251
8615
3583
1072
1084
5730
8861
7140
3895
7826
9870
1370
959
5088
6578
2551
1427
1697
1694
5750
1548
8483
4604
1599
6177
8323
4154
5990
3536
2060
7779
5267
6837
6311
9608
183
1758
280
3538
6346
4337
3078
8164
6908
4359
680
46
5820
4801
3073
4567
8211
6011
7894
7821
9415
751
7339
7403
9297
2098
3649
7796
9943
1305
1094
4499
1972
5709
7932
4817
7310
7782
6621
1713
5918
4321
3840
9254
4498
3391
1789
1100
9921
9666
669
3995
2815
3065
1738
195
2634
3514
6514
8508
316
1758
777
6239
1444
4579
9011
2469
5593
221
6786
5100
1800
5905
7500
7058
2291
6626
8135
7958
1993
1904
6986
2426
9821
8787
1896
8833
9424
5881
8662
2255
4571
2630
8123
5594
6696
7957
1662
705
846
792
9704
5786
731
4694
4047
3697
3252
2642
3541
4692
629
7216
5071
19
7203
7384
441
6249
8752
1226
7006
5967
7643
9147
1516
1495
4952
3926
4661
636
9966
182
5045
5315
6535
6243
9466
4557
747
783
656
9098
654
6667
3484
2207
4120
398
413
1197
7278
9058
6162
9842
2524
6556
7013
9489
2323
4663
6024
702
9698
3648
5057
2221
453
7729
4641
2504
4812
4271
4173
4895
6182
792
2654
4950
551
3302
1652
7359
4361
4348
1565
9788
1368
2598
9189
3925
3727
8709
5951
22
7800
6665
665
7861
4490
4200
2034
1701
5430
8121
288
6436
2338
1088
2834
2134
2312
448
3771
9484
836
1690
2252
8841
869
9532
1768
2722
7116
6314
3887
1249
9711
491
7856
8179
2200
1579
178
5730
8328
8662
5618
4572
1461
8935
7179
2740
5957
9181
9343
2788
2060
7390
8452
7879
865
4527
420
4743
9697
2362
9801
8579
3672
1411
4674
5590
3471
744
5777
4104
7744
7195
6302
6109
8420
9725
7311
5199
2868
2402
9200
175
5507
8839
4973
5357
8470
1192
9317
5273
6460
9920
5590
7914
2184
2555
3291
6687
9510
3828
4995
6162
463
1186
1596
501
6153
2652
8314
4009
2481
782
7337
9053
3411
7487
265
7941
643
4815
1453
5395
7225
5616
4266
2742
6631
9522
5838
5276
8961
2209
6545
9452
5847
5978
9804
6378
1598
9533
5297
9868
5286
5463
7296
8748
7855
6001
2704
7631
1161
767
3661
2048
7765
9689
7861
8330
5390
3493
6996
100
9016
154
2240
6561
4080
2790
8006
672
1127
9358
139
9558
2110
214
6979
5395
4184
4616
9782
946
7502
8841
7887
9997
774
3907
1973
3812
5512
7375
9399
658
9096
9858
2631
5840
6684
802
6839
4256
2113
2764
2559
204
5752
6355
7595
1739
7025
3311
2433
5717
3767
1009
2979
56
7435
1229
8272
1356
7900
4470
3464
1507
9455
7229
8139
5323
8748
6787
7397
1073
4179
7683
9239
1740
668
9232
7190
3957
4492
1912
5647
4658
1784
2369
1915
2458
6300
3289
2502
9550
5554
8809
4363
7112
4878
4607
6059
3952
4196
7952
8272
1522
5642
2336
340
6305
9644
7284
5186
7085
692
51
958
445
4849
3676
3344
4
4554
9402
3427
9028
7793
2958
1261
9126
1440
3822
6973
1830
6111
3098
7030
8001
4051
6245
1352
1597
6355
2119
3470
3427
826
8627
4167
4352
1615
5269
4804
7469
5414
2655
9544
8531
94
793
6144
8631
6548
7605
5180
9687
78
2120
9697
7951
9418
4592
7714
4810
7298
2184
5144
1297
9358
1682
7498
9966
4604
5991
2837
6719
4051
7697
3861
6659
233
332
1355
7421
2600
6882
8390
777
4480
3818
795
2831
1071
611
5486
6256
7532
2195
9435
1536
196
5249
957
2327
5667
9992
7125
2069
7225
2335
6559
1147
8914
3487
4626
5944
350
1525
72
4872
8420
8641
8866
8112
939
2486
8610
2247
8404
5702
8028
6322
5244
7443
6664
6204
7127
9546
4186
6983
1323
3360
1009
2000
6361
4307
1248
1603
8959
1305
7603
3019
7200
3297
6254
7102
9703
2307
7681
778
3904
9572
9288
5177
197
8920
9779
6923
6786
5723
140
941
4900
2266
7331
5058
4491
6151
9654
6219
9595
4873
8079
344
592
842
9437
9242
7712
7789
2348
9876
7755
6088
4390
1277
4033
8213
2147
9449
8034
3225
1143
4369
3057
6839
3515
7676
5691
3792
417
6941
5932
4628
2922
3713
9449
4278
7652
7661
8053
5032
8213
4636
35
1609
3343
4037
9183
2918
4620
3958
6117
8443
4602
3296
4383
8068
8855
6186
1320
9320
9847
9734
2829
9034
2629
9866
6701
4182
9160
9588
6546
5236
1905
2963
9513
8316
8032
7699
7306
1281
5518
6625
9283
1971
4656
6240
3674
4959
7729
1969
9190
2238
9840
9683
1061
3521
5091
4764
1159
5085
4562
3291
1524
4632
6145
8948
9813
701
7062
8271
6607
5251
3206
1976
6821
6405
5142
530
6234
3217
6695
6784
7372
1479
530
1282
6913
5692
4612
3615
1080
9535
6866
4770
5435
7413
5619
1201
323
9839
6039
6262
640
4227
753
5990
4735
7631
9730
8469
7891
8179
5092
5192
3316
5860
9492
2309
9997
6580
9614
5862
7267
6695
8604
3256
1827
5222
5334
771
3955
9274
9954
591
3268
2891
275
9158
3998
1611
1942
1182
5732
2075
5340
9063
9427
1542
7546
4477
6694
341
6786
2674
8183
4298
5437
3915
3478
5188
9814
458
7136
4486
5266
716
5691
6441
822
6427
4370
2601
907
9970
2089
1807
6077
7185
6518
9780
8829
435
8310
9347
8240
4712
9627
1879
5471
6105
233
3799
5336
8126
3537
4159
1685
9650
1506
360
5657
777
7729
9900
1158
3325
7926
1456
7357
8425
8248
4606
5224
8947
8013
8023
5766
5839
4768
4379
698
5827
3785
8363
6339
1926
6223
6754
8771
8340
6276
6408
9072
6855
9952
5539
5184
9977
3566
3653
2449
4295
2854
3773
6970
9453
2679
8985
3644
7189
5276
4857
3782
1233
3080
1461
7018
710
1579
8756
1291
1107
9127
4335
2397
6005
2567
9313
6105
6112
4761
8125
3936
4421
5760
6740
3207
1607
5881
7855
9451
750
5133
8818
1487
3476
3527
8500
3234
6909
4092
2524
1830
4925
5482
1986
374
8281
7591
4575
608
1912
4134
3296
5058
8770
7368
6510
6235
3457
6556
1402
8942
9450
852
9136
2955
4283
7535
7636
2783
6840
6901
168
9971
594
7937
2036
247
9496
2822
6711
5500
3726
2907
1544
1340
2266
6228
2116
7884
2046
325
3860
3410
8242
2482
1609
1535
1685
3090
8006
7695
9795
9840
212
2322
5421
8255
4935
7018
7376
7324
3543
429
9546
9006
8940
9622
1470
84
3450
4264
8594
2562
1443
4335
6773
7203
9237
3224
457
120
2782
1332
6068
9143
951
3518
4624
2256
4311
6338
5236
4883
4312
4865
1017
7446
6616
5026
8680
3502
871
1260
5181
1453
2074
4531
6543
6926
9549
134
6021
4445
8507
9405
6673
8190
5766
3777
9992
5036
9365
7258
7451
6203
6157
1150
8102
8654
786
5583
7264
5394
8653
3183
96
3557
1616
7200
7154
7085
3748
6188
8213
7721
5905
8285
7587
5187
281
3973
7752
2772
9817
9408
2453
8333
6209
2187
4957
5204
9974
2504
1133
6821
279
1588
3944
1381
4762
4231
5090
4785
2733
9442
4597
9711
5685
9886
8346
3504
9511
4676
7184
1139
2401
5913
7564
1390
2046
5095
8039
6509
7193
1985
655
6312
2824
9547
1361
4642
8804
9665
1973
8618
4964
3614
246
4450
3159
7528
4870
1940
8158
1067
1593
5798
7357
2695
6867
9150
1408
9384
6090
7396
6468
2768
8282
8074
7474
5225
5066
5915
506
4037
1429
1271
9505
8776
2017
4325
7195
2242
7830
2445
759
6779
4153
4407
2892
9014
7213
8491
3126
7041
4912
5016
2162
6092
4865
6883
62
2230
9429
8906
2222
5083
435
7544
6716
1718
5258
9465
2467
1549
6832
815
662
5192
1689
1267
598
9113
7392
9330
7205
6838
1978
7537
8730
2742
718
2446
5168
5935
5564
446
5592
3006
5231
5938
4864
1644
7458
2853
7961
3674
7482
2930
8101
9045
6067
1037
8962
8235
3595
5654
6930
2932
9037
1177
6322
801
9807
6984
686
8014
6570
5925
8417
3178
2317
2552
8066
9928
3000
610
5478
9568
9446
3262
1738
9302
2760
3329
7284
1979
2208
7548
2212
2423
2097
8941
9517
4144
637
9319
9074
1822
3720
5393
9785
7704
3251
8429
8013
2276
2258
7022
7835
5684
4640
5827
5555
1835
463
3670
308
9667
6672
8667
6900
9898
9352
9004
7676
9316
2381
6741
903
7533
1818
4144
6561
4645
4729
9810
876
2405
8895
1617
6598
5843
3297
1151
1305
2600
8499
1075
8543
5516
8601
7112
6807
8376
1467
8961
8293
3258
9798
1260
3302
5464
5840
3585
5447
2601
6152
7015
179
4962
5699
6605
9594
2593
8997
6137
4936
1525
1363
9882
5610
654
767
4650
7297
5816
4044
7445
9889
7437
3474
6195
2443
6967
6084
7375
7449
4470
5592
1279
7346
4608
2174
9796
8874
9933
4707
2699
4146
8071
8998
6003
7271
3350
7213
9069
286
5322
4570
7669
1814
3429
5829
2823
7956
4603
5498
8443
2092
6553
7095
4150
5957
2941
9918
8950
4800
8591
568
5174
5752
2216
3231
3281
8286
870
6757
1419
5579
8037
3621
8007
4617
727
9357
6434
7574
6250
1068
2226
787
7707
9186
7060
8097
8468
2640
152
7842
5827
2986
3320
8726
2868
3239
6434
1293
8952
2740
6016
4051
1371
9429
6781
5407
3242
2150
5890
3228
5186
99
2861
9985
3247
8884
1073
7748
5871
6174
3635
1544
3016
7747
3982
686
305
1549
9387
4007
8644
4499
6142
243
406
1223
8318
3733
4972
3782
3360
5569
4271
7055
9751
9606
4541
8249
5465
3425
6764
2419
5241
1677
8390
8317
5277
8074
9212
6117
7962
760
8054
3216
6908
751
9685
5037
1562
7106
1274
758
3278
9444
4182
9366
4096
1910
9196
4375
4579
1090
9366
7549
5365
5763
4349
8531
8486
6028
6313
8118
6648
4908
8415
2982
2226
2041
886
8557
4978
4973
237
5629
9555
7229
7592
2594
843
464
4085
7254
3371
9276
2795
3373
8458
9191
1491
9307
1147
335
7642
5222
7025
3436
8685
9977
121
9279
127
1781
5763
9408
8798
2911
5863
1579
8268
6126
9002
6365
9555
2983
9792
666
6532
7371
7911
1528
9546
318
6232
9579
219
7892
6147
6462
7808
786
8875
2078
9460
3517
9294
628
8053
2935
6756
4090
1608
8167
1474
2876
5379
5001
3554
9003
7986
9413
6880
8426
9040
4405
7823
6841
6617
2888
6883
270
9657
5240
8682
5287
7360
8630
4127
7623
1396
9831
8039
4736
1043
2081
2644
3622
8414
9388
7264
3895
496
2883
6871
9497
3565
7511
1714
6559
1033
7003
9305
1089
5708
1526
6983
8078
1138
8608
8034
9486
7837
1152
3302
6234
3243
6729
9242
4129
4522
1446
4748
5474
5118
631
5299
2524
7902
6096
9570
4525
2637
6168
6227
4115
9960
5824
5569
3508
1470
3798
4920
3109
1552
7090
156
725
5705
7264
1097
2831
550
4967
8279
8085
9348
3689
4247
430
321
2016
1679
1663
2847
5820
4927
2266
4891
8898
346
3942
4262
2187
7869
3427
279
6658
8465
5806
41
2318
426
6077
3321
5920
9893
6340
7699
1550
8471
9931
3983
655
5346
7588
8538
2566
405
8862
1318
9410
7174
2931
9640
732
9290
616
7160
8146
8491
8977
3989
7949
6089
2752
4070
4247
4321
8853
753
3010
6709
1982
6006
8216
7546
5082
3762
3196
2028
8714
2420
6296
8375
8564
9589
2413
1093
9945
6706
2364
2273
463
8921
2762
5310
4056
1729
1710
7999
5757
2632
2202
6579
7896
2843
5604
690
6302
2894
5748
3360
7428
6563
1921
9998
5613
9609
9318
4901
7314
661
9966
702
1509
7412
5641
9889
2902
4272
620
2963
3930
3030
1042
5852
6832
6853
1058
1635
2766
8679
232
3163
5526
6677
9930
1848
5886
4885
931
7864
1156
7592
8283
1609
1845
1245
2951
6503
8656
5040
3803
2212
8746
2467
3982
2796
7860
7832
8814
1320
3084
1484
2161
8408
8916
4453
1239
7489
6590
1682
773
3127
8132
7277
2357
8837
1854
8159
6235
4082
6206
7985
5447
9986
7311
6250
8002
4932
8826
3953
7947
5775
1823
2405
7338
4156
2606
3511
5482
1926
6313
5340
9025
9701
900
6656
1301
2231
908
3579
6011
9124
4385
2310
8929
7154
4473
6155
7699
3526
9061
8958
5900
897
5118
1720
1577
3742
1919
7275
6509
8271
636
2668
2330
7300
7099
2129
8511
5433
762
113
8107
5005
32
8606
2899
156
3739
3342
6686
3852
5131
4884
2559
4336
2279
7339
6116
4084
6649
5899
9202
526
5715
467
4043
7983
7398
3911
195
5428
1264
4988
5539
9118
6701
7613
150
4576
6019
3555
5283
9678
2028
681
5639
6022
7611
335
2546
6884
8287
2987
6689
6025
9669
2794
5998
6529
735
2966
6676
3219
3358
1836
5372
7101
1058
1851
3601
7411
5017
3692
647
2901
1165
1640
6977
6619
8595
6122
8673
3462
6833
3009
5611
7126
7118
7907
5064
9481
732
1967
9955
6905
1925
3394
6921
1545
421
7735
4413
3794
1562
1235
6588
4058
5792
1571
8686
9495
932
2241
3284
9957
3409
5389
7300
9164
8076
360
2402
4037
3015
1595
9322
7695
6549
385
1891
6803
6721
2370
1125
2460
6261
574
4061
9102
1385
8516
2948
4073
8740
9006
2252
8104
888
8835
2909
7145
4703
3027
185
3237
3634
4159
8811
6753
3523
2012
6420
4978
1915
5881
1833
723
5084
4159
9751
3806
1387
7653
9860
2694
5970
6870
7821
4059
992
8007
7792
4748
7382
4032
5653
6851
5052
9060
8612
1090
9318
6874
4747
1373
3010
8447
5758
668
6136
7057
6035
9889
8874
553
2722
9700
9321
3567
5219
5398
3415
6924
6683
964
3110
9470
4832
1412
8999
9543
783
2114
7020
5200
2839
5495
3615
4874
5346
796
1271
2550
1515
1572
4959
5970
4322
7778
6024
7997
8510
6168
7982
2769
2464
3656
7865
9038
1323
6926
6148
1663
2266
5204
1553
2438
3627
6790
3117
1123
2503
4169
1116
7990
8393
4962
4451
540
6703
86
262
7995
689
7689
5350
2523
8589
9018
2418
8608
4917
3597
3193
8860
9480
4929
8399
185
1727
5284
2624
6578
472
1045
1647
3373
7824
9029
2270
7056
4341
2242
8689
3908
5030
8407
8000
4147
2192
5276
6180
4132
5120
9014
4069
7754
8018
5820
5328
7184
3736
6440
2340
9124
5440
796
5878
8185
6317
4705
5197
7041
3427
7234
2937
1080
6197
7091
2703
8346
6230
2197
6961
4642
2460
233
3432
491
4084
6676
7689
8591
5857
9239
542
8623
5838
7016
8158
9701
875
5845
768
7858
2701
2531
9604
8717
8010
9259
1033
5650
6121
2636
6681
9086
6895
1368
1984
7624
4417
4535
4550
4877
9237
8180
452
6391
8216
4249
6423
9633
3405
8545
3195
9912
7851
6935
5850
75
8231
9513
3804
3263
6013
358
9135
6267
5113
2775
3922
4988
2869
1827
4336
2593
7023
5735
8852
1895
2928
3699
1750
1528
1330
8075
9753
2454
6045
5142
2163
5715
8685
530
2123
7495
3250
3437
7026
3199
6840
9034
8085
2320
5247
2036
1520
5204
4555
4943
9988
380
9740
6900
1491
3735
9745
2944
3976
4280
8321
410
200
8406
5305
5153
8413
6480
7218
4945
6761
7390
9334
4104
8644
6743
8507
6980
7422
9000
183
9965
5373
2388
7191
8873
9068
4533
5806
9828
966
3204
6846
1096
3262
554
5579
8455
1695
4546
4840
6618
9605
3713
818
9806
2495
5252
1203
3547
5475
5347
2790
9873
6617
9700
5147
4197
6307
7402
6338
6267
1539
9162
3894
5465
8040
5532
8935
7286
1792
1809
9847
7891
6974
523
6633
3090
6155
3684
1676
8644
3310
3727
2887
2733
5943
4130
6024
8467
3112
5376
2690
9435
4869
5177
5413
7459
9806
6667
5396
4150
3454
8259
4197
1032
170
9884
1837
7666
4051
326
9136
9445
3124
8543
7970
1184
9944
1040
6352
6748
3278
7833
813
5567
8630
8872
9466
2758
745
8130
9487
5177
1082
9764
5548
3045
6633
4720
6536
354
5457
6348
3063
9307
6728
1569
4171
7250
9403
2036
3743
5148
4639
5667
8000
7315
1011
6354
8561
1359
7106
2048
9933
2434
8295
3647
461
8546
7174
2332
119
9438
8762
4010
557
6272
2200
8395
212
5998
1554
8932
4867
9685
7958
5506
7418
9212
9386
5416
9161
5623
7019
643
9340
3931
4240
3567
6780
586
901
8254
3904
8603
8399
3193
5435
1650
6001
8655
4210
2032
8906
9384
8683
5038
1215
4319
3392
636
9781
3130
7047
8128
7498
6949
1460
9299
3263
7740
1567
2747
3896
5458
6087
6706
2428
4460
8912
9368
5253
2857
7895
9873
4173
4275
5928
5824
6286
982
5588
3277
8242
9939
4999
7495
362
1407
971
4509
3435
4029
1753
9071
638
2644
6136
5839
4893
5068
3364
4772
134
4976
7690
6009
2429
1816
7072
8885
8835
6634
7568
6322
4586
9882
7639
7818
4713
5154
984
3895
4389
9702
3609
8980
1376
4962
1001
6721
532
434
8034
1668
5281
200
5913
9192
4784
6749
9678
7056
3192
3586
9979
3971
5713
3508
9336
3399
2804
370
8051
91
2706
6909
1051
6054
156
423
4765
7298
5391
6671
747
4908
8823
8341
8753
6095
7402
5266
7304
7181
8083
4805
884
202
2329
7093
7783
3890
3724
8034
4868
8631
5378
8124
8872
9150
2955
9629
1038
2083
6340
4441
5039
4169
6278
8386
6258
3014
7820
2802
3328
7225
906
9650
4131
2581
1984
6774
5392
5573
5616
4484
6245
8050
6504
9189
5593
1706
3796
2681
4869
7400
5896
6194
7866
6216
523
5169
4818
442
3892
5723
1084
5944
4067
5522
3445
516
2018
3510
3048
9808
3108
8515
6528
1372
5589
2447
1719
7397
4278
4569
1653
8672
8478
5608
7138
3331
8821
1703
7763
9698
6800
1522
3699
2709
9839
5527
7849
9133
362
7196
3761
6259
400
5626
4865
4660
9382
8399
148
6798
9389
3194
933
9135
8373
9794
5434
2203
1549
9237
1114
8726
7872
7460
7745
6732
3650
392
1991
6975
9288
1954
2140
1947
5969
1495
8321
9473
7
3085
8322
1334
9063
5835
7121
2816
7394
4412
2460
3799
652
3787
2177
5896
4457
6269
3106
4387
4133
8387
2844
3055
764
5431
590
4801
497
9138
750
792
3768
8850
9235
4198
9310
8524
9450
123
1678
9715
5367
5321
9921
3561
1569
5095
8576
8400
7386
2301
7709
3528
328
556
888
2516
5433
7064
5657
7424
1823
8865
5502
9031
8537
2100
7368
8960
2540
1001
6445
2244
5037
5546
6858
9466
9251
808
2728
8482
7598
3708
4754
8434
7071
7505
9154
7028
7223
5997
2664
5874
287
4106
8266
5991
4267
4831
7123
9862
619
5610
6278
4735
3327
6049
7009
8904
3873
1749
6773
7301
5195
1642
4901
4416
8980
6940
1622
8101
5059
1392
102
1801
2942
7145
7444
2743
3987
9276
2469
4171
4493
743
4175
3525
8434
2259
859
5681
7850
7225
9084
3708
7469
9997
5757
5818
965
6483
5264
5162
1854
9578
5317
4210
7565
5724
2336
999
3898
9325
6038
7488
883
7340
7064
5654
2791
8681
1365
9144
9835
1834
7043
4538
8376
2923
1454
2042
2488
8227
9800
2534
5790
3530
2732
6875
8231
5368
4248
2592
5144
7990
753
6352
2355
6330
8832
222
1044
9301
9086
8703
7428
3323
6430
3394
1070
211
9166
2074
3125
9248
8185
9974
1166
1015
7608
3583
3881
2522
5385
6917
8427
5261
3903
8378
186
7914
1712
1831
5853
9482
8435
3189
3146
7365
8845
915
4434
6098
7297
8841
554
9724
9307
5889
2514
5548
5213
9606
6060
8006
3777
2049
8962
2186
5751
1497
5414
5415
4796
5488
9434
5
7492
4212
3053
115
8992
4147
3318
9974
527
1157
7573
2926
774
1137
5861
8934
50
9372
9638
1957
4626
5120
7805
3833
840
4818
1725
2511
1241
2237
3127
5519
6307
6836
8684
1666
3
9082
7062
4537
4420
7467
1266
9160
486
3889
7334
1120
5515
7317
4475
7101
8342
351
4381
2648
7054
8461
6388
9692
9101
9535
520
6606
2751
453
4767
3518
2190
6897
7512
6947
2937
5815
1582
6221
3754
6532
2963
2553
4257
1352
6402
2784
315
9399
2224
4634
426
9146
4710
8504
2667
3365
7831
3723
1203
8568
6350
1836
9110
3438
7571
2306
972
2641
3301
8528
4413
3711
5624
828
1435
5
3152
9032
6926
65
7269
383
8114
2239
3910
9714
3709
9601
4984
3706
5424
2397
8688
9616
7122
3942
5477
1653
7279
3972
8934
2045
9504
5421
7412
5885
4545
6164
9259
9432
6413
9552
9548
9305
2316
3227
6678
6465
4691
9804
8379
8992
8892
2795
6187
5175
1032
8997
9014
8325
7081
7798
3890
9181
9486
2866
8499
1744
9721
2392
8760
1721
9471
1684
1014
5082
6920
4873
147
4272
9766
2839
2091
3341
8959
1103
8045
4558
8000
8335
2559
860
2135
6173
6508
8473
172
6344
8837
2273
6040
2600
9244
8622
6837
8579
825
9814
3020
7472
6435
4049
7358
3530
2787
5465
6951
9735
1746
9439
2444
1050
3648
9942
6144
2193
4784
1547
7479
1130
3324
5906
6195
1546
5494
9162
2097
812
2961
6522
4941
7584
9461
4253
1887
8119
1713
6836
4436
68
1112
9115
9307
2611
279
7530
6059
7812
5067
8609
4594
3594
3114
7884
8551
4636
1724
3711
7368
6948
9939
5679
4234
1043
8553
5619
9556
7867
2207
9790
3302
4503
3591
7356
2105
8393
4765
2734
84
5082
9907
9446
641
7038
991
3276
533
5486
5359
4598
7095
6708
791
6059
5988
536
388
5616
253
9545
9173
7053
952
5778
5232
2929
7768
1614
1897
4749
6401
1346
6574
8272
8593
9489
7432
6112
3868
1852
2465
606
3328
6527
5379
9033
1713
8022
3138
5173
5220
2559
6813
8674
676
7950
6803
8360
9062
8085
686
5075
2301
9810
5382
6237
5207
2642
9973
4058
3175
5562
3702
1106
1779
2202
4930
8699
2232
688
3226
6331
6954
348
6509
1614
3172
3577
9849
8686
1321
3404
9466
7132
891
8472
8597
8478
2450
9473
3239
3155
4387
5445
4146
8772
8987
7702
259
1475
6204
6427
9223
5247
4784
7499
4668
6425
9775
6475
5482
5014
4248
1025
6123
239
1783
1914
8796
2164
7528
6839
8339
2862
2348
3125
2525
5124
293
4548
7568
5050
389
5258
5366
8279
6154
4693
6263
6644
2764
4784
3025
2084
3625
3438
6603
4602
7663
8862
938
1522
7408
3190
8756
4910
6362
2855
5576
2338
3893
8055
8668
7728
3061
9884
5778
1814
2605
5048
9728
423
6524
6516
1099
9367
6173
9768
9450
7461
1526
6253
70
7874
636
6844
8580
9027
5135
2684
964
3835
5146
1754
552
937
2750
3772
1283
2492
6057
6427
3098
4926
7757
5153
5136
9395
2975
770
3028
9813
7594
7166
8707
4383
7101
5777
591
6468
4239
7624
7936
3362
2312
8738
9488
1795
7211
3841
7228
4980
2572
5268
6914
1162
6924
9645
4452
8783
8438
2814
4041
8715
7964
5076
5898
4300
4138
9436
9622
8663
327
6000
9819
3583
2073
3472
1629
5849
3091
9722
1510
4971
2283
2022
6717
596
1330
3297
8471
7728
3808
730
1375
1241
5339
8514
8797
2121
8382
7403
7294
8313
3989
1142
5784
3904
8964
995
9177
8863
5614
5210
7670
3962
2491
9775
5776
1043
5559
1904
1785
81
1027
3350
8447
287
2829
9131
4593
4300
8545
6557
5463
8799
5293
5569
9732
205
9123
4600
6995
8265
4515
9353
7320
6230
7006
2388
3199
5726
1487
6608
7890
3289
540
1743
680
7747
4914
4666
9847
7926
6482
4723
45
1127
6218
862
5553
3777
3089
4337
1997
8319
8314
2787
5440
1252
645
5181
6509
9413
2211
1339
7306
6082
5698
9640
1408
2001
5851
6816
9611
7423
9476
1201
1938
4408
4575
4783
6608
1492
1601
3822
518
2548
8721
1201
8561
3232
8547
4402
8454
2644
1405
7173
3079
6646
4067
9063
3180
5528
1233
3872
5649
8911
3758
7271
2801
708
355
8163
3024
9617
1429
5069
7274
9752
9436
1734
1596
535
7447
2198
4610
2733
9718
6025
8601
3854
6398
139
5827
7480
5564
3536
2858
9828
4148
497
9143
1250
2259
951
3094
5982
5832
1164
516
3274
1134
3444
3155
41
8064
7597
3703
6896
2539
3673
3310
3056
4028
8469
7299
4329
9510
441
2364
954
24
9772
2107
393
5427
8641
7586
3580
9369
5129
9936
3343
1765
1821
8193
1317
1092
64
442
9347
6396
3853
9812
8974
1034
562
4265
9901
439
2167
3841
9417
437
8539
4983
2215
8870
1258
7975
284
7270
7961
3876
1154
7897
9169
5315
9339
9227
5765
9692
8795
7968
4294
3173
3699
5841
5908
9083
5706
3698
9278
8672
8762
7951
198
8255
5063
5765
7241
6753
4206
3383
8215
8455
9568
2012
1631
8846
1958
3565
9956
5198
3506
6758
2216
219
5996
9182
5199
5404
3506
5099
9777
148
2069
9188
8488
5291
1526
9586
4696
8587
2518
1660
3737
8986
8566
9957
5879
314
2129
5010
4612
6798
8588
6987
5483
3961
4321
8532
7416
8385
1622
6085
2528
3031
2944
7685
9838
1899
5931
4098
5723
1217
7289
4822
61
8177
8803
7083
2306
6418
8728
5027
3435
5088
305
4411
9416
6837
68
7887
4123
1036
2429
8263
9528
863
7111
5114
1605
1099
4765
6821
4664
6695
7558
3380
1681
1803
3213
4470
8420
9538
8113
9712
4633
5839
1206
1580
2538
81
4067
7553
5492
742
3930
614
234
9765
2124
656
2549
6562
5217
2792
3120
3241
4745
4144
3248
4476
9311
8702
2965
6937
4298
9893
4313
5614
809
2444
6874
8153
9038
1655
626
1805
6535
266
2356
829
4867
5435
7400
6628
6911
9870
5370
5064
8317
4313
2039
5898
1263
8656
1838
2993
1062
3349
1835
6980
9319
5904
1027
9485
9008
4582
8977
2982
2647
8891
9773
1792
904
1468
6592
2710
1872
3767
9845
1298
2945
852
1390
8540
931
2654
8400
2721
8801
2359
7555
8912
5603
6400
2168
2448
7765
3400
1617
7094
5250
3910
5612
4368
2709
8955
2595
2107
611
2924
7083
5936
906
7914
9401
9684
4647
7036
6518
1878
2739
9495
1728
3696
341
4583
2830
2092
689
2771
3961
1717
9312
8781
1481
8162
9531
2120
881
381
1381
8890
4372
7979
2739
9396
3255
1650
9579
9923
1716
4372
5609
4214
3706
4111
5029
6918
8243
8113
2852
9373
5788
632
8890
4156
3126
2083
2494
4916
310
7302
4352
9829
8354
4884
8039
2996
3255
739
523
8976
2653
7369
2164
436
574
5580
7852
3579
8690
7169
9279
5486
7099
2827
2598
8414
3790
8587
6905
1391
9027
3178
8600
867
176
5674
9825
6451
2600
8949
7616
3202
2561
210
1995
9841
3992
1025
3924
394
4220
3606
6402
7296
5032
2113
7119
2564
8290
8830
5891
1463
6826
7215
6642
8338
5386
2447
8947
2403
3721
7411
6878
8483
7635
6789
5896
542
990
535
9778
3941
227
3678
1014
894
5207
9711
8920
8274
724
4135
5980
9846
1816
2411
6011
854
7621
4091
1913
7890
8979
3825
453
8996
9038
9867
6869
9837
5781
1873
5912
6528
9871
171
9344
6996
1277
4756
5994
3240
578
5885
9824
470
2127
5240
3880
4241
6710
8147
1762
3209
6919
864
9129
7407
6579
7066
7524
81
671
1222
7729
3116
4782
803
5339
1708
5456
6114
1624
9912
1723
3680
3696
5456
6788
9499
9901
3747
7887
4593
107
5782
5693
6806
2465
9484
4971
3739
1117
9985
4128
7286
9897
183
5647
5744
9773
948
2967
9102
8064
4431
9638
643
8466
9553
559
9435
6250
9647
5217
1243
6153
8343
5539
9588
971
4226
4605
6261
6622
4765
1236
8464
8364
8379
4467
2750
8017
7289
6390
3262
6696
4556
6385
715
3402
1325
3728
6418
3236
1253
5150
6038
5785
9347
4955
8012
2595
1394
283
4935
3365
8234
6044
8868
8332
6081
8414
1279
2608
462
8114
4750
1297
8758
3051
5139
3239
3453
3195
6343
7960
7645
6486
6735
6363
4984
8951
8838
2860
9493
6453
8209
2463
1000
9513
7707
8289
2676
2384
5377
5586
9638
4641
4059
3336
830
9921
5007
7891
8269
5936
8975
1446
2890
307
5839
1405
6926
6255
3049
7791
9870
3529
3736
22
2037
9407
7227
4064
2580
224
502
867
3271
9128
9581
1569
3914
6975
5092
613
7589
5143
9927
1698
4647
5079
7260
4826
1517
1825
2082
7936
337
7545
7733
8287
2325
289
1369
6794
7047
4442
2272
1870
6417
6436
4848
4905
3014
6474
4438
8550
1574
2302
6512
7536
5595
3525
7218
4223
4794
9580
5733
9341
8871
1511
703
9040
3264
9182
9353
5028
7016
7290
4624
661
7567
7095
3887
1881
5163
9529
8795
9859
3190
984
3194
606
2113
2130
2835
3178
5289
433
7961
1988
3057
9252
8926
6953
2745
3406
8483
1000
4426
6151
5636
4923
7200
220
8199
8824
4471
8308
2200
4953
1642
7169
1974
5619
1646
9638
4617
5673
4995
8392
712
5400
7028
2714
5783
8780
7036
9838
5135
2469
8943
9262
4910
5861
2169
6637
6157
2622
4695
5232
9066
1636
317
3521
6928
2900
1955
6073
4895
200
7369
6383
2671
4700
5188
2932
5714
3546
2729
8842
1187
2118
6086
1952
1219
9983
9003
359
2185
7163
4036
9492
9108
5550
3557
1669
9309
6348
4508
1808
3944
2654
2560
7559
5910
1323
7416
3476
6727
2379
9445
1509
195
9223
9144
6228
172
2297
9440
7332
5165
2370
8976
1316
978
7813
7354
7421
2114
4735
2242
2796
5487
4188
8461
4140
9773
5248
562
6089
8298
4905
3502
6383
5374
8917
6958
6387
7861
8117
9083
458
885
4653
7413
5805
9586
5483
7862
374
1999
9594
7028
3350
5829
5389
3503
1479
3623
392
6653
2751
2847
6193
2078
9276
6168
6335
4951
3036
2614
9409
1016
643
1493
7053
5267
9686
2404
821
9116
1218
1116
4392
4604
4
2480
1557
6995
9900
381
5393
5955
7737
8662
9221
1043
9118
1941
7318
4628
1249
6969
7553
1061
8943
7623
9037
7473
594
203
9759
21
6638
3676
3494
2797
2048
4638
8178
7353
2125
5004
9933
7009
8799
7307
6259
1458
1942
9729
2899
4587
3833
6663
8653
9055
1859
9606
2332
19
6663
6736
1203
5200
8622
5731
5750
9442
9262
9363
4695
986
1090
4196
5884
8317
2986
264
263
9509
9943
7396
6195
574
8823
6784
5066
1664
336
4082
5845
6645
4689
9721
2145
1920
2353
3131
1727
7218
4499
3691
546
8533
1902
8310
6363
1101
3600
4699
3163
4051
435
1624
3437
1231
9786
742
4229
296
6707
5879
4892
7184
8770
6132
1437
3522
3510
2874
1102
6817
2643
3736
613
8026
2670
1824
8128
7822
3319
5558
5870
5704
7906
8902
4355
8555
3793
7073
5854
2989
4691
341
6373
6679
6539
9803
8830
2202
6163
6396
5354
8521
9553
3947
1867
7326
1497
775
8891
1353
8276
757
5654
8239
5534
362
3900
9673
6709
7656
1452
4428
2303
7877
9371
4329
5560
7694
1863
3052
5093
1288
4632
4848
5607
3838
5794
5873
575
461
9980
9389
3452
2142
7832
4893
2803
4832
4757
7756
9149
7454
1924
2287
7452
7501
4502
6403
4139
8744
6389
3108
5791
2426
2532
1609
8979
6148
1145
3479
9696
9375
3952
8157
8991
3441
1255
1704
7197
3860
2650
5955
7188
4876
2717
1652
583
9955
2788
3012
5799
5471
2837
1945
7760
9739
9518
400
2906
4617
5143
757
9668
3832
2522
6200
6457
907
1080
7001
5009
5917
5310
7223
8930
3469
857
8840
4424
3594
9554
453
3857
8727
5450
2446
5348
7600
3902
5969
1776
5777
8636
5970
7119
7868
5811
6916
8983
8356
8411
410
3963
963
7428
7555
9506
155
525
2745
9996
7077
2860
7652
6661
123
637
3348
3841
1492
456
9198
6025
4367
275
4592
3723
3961
5192
5461
4042
9870
9692
6592
5928
6912
8705
7840
5705
4467
9702
3398
7073
674
5894
4197
1636
5381
9527
1547
3214
4673
8496
2536
1670
6418
8219
6124
9179
7453
7311
3068
9275
5754
2141
6446
5872
9978
3747
3840
4680
9275
8953
6732
7794
4938
1181
5405
8306
8588
179
6425
7681
4994
8586
7057
5259
339
2222
5467
711
3994
564
6810
9630
221
1961
6175
5251
5827
1836
2171
6178
4147
3016
5464
7453
2477
5470
4109
521
6796
5404
6479
8802
692
7326
7151
4764
3990
3668
9080
1215
6272
5403
3762
5764
5093
5757
375
5864
5799
4185
6965
7955
5514
8543
8403
3111
761
1202
5428
1901
185
8552
11
564
7183
9832
8980
8677
3559
1836
7939
3604
1150
2888
3873
9622
8666
207
2140
961
6043
5302
3775
9313
3930
8002
151
6372
722
2111
9964
513
3685
6580
1742
1144
6017
8358
8108
5121
714
4507
8405
526
605
8460
6918
3432
4595
2894
9526
8558
4289
1899
6989
2819
2247
3777
8658
1813
578
848
3551
5487
6535
3314
8974
465
7672
9768
4533
5227
1615
8289
719
4449
6269
5481
5866
6205
4915
9335
4950
1761
2048
4653
3829
1908
6286
3096
8445
8806